Experiment ID                :  onemax
Problem Type                 :  OM
Data Input File Name         :  NA
Number of Runs               :  5
Generations per Run          :  20
Population Size              :  100
Selection Method             :  1
Fitness Scaling Type         :  0
Min or Max Fitness           :  max
Crossover Type               :  1
Crossover Rate               :  0.8
Mutation Type                :  2
Mutation Rate                :  0.005
Random Number Seed           :  75982
Number of Genes/Points       :  35
Size of Genes                :  3


 R   1 G   0     53      44.52      4.024
 R   1 G   1     56      45.09      4.088
 R   1 G   2     57      45.42      4.127
 R   1 G   3     54      45.32      3.819
 R   1 G   4     54      45.77      3.845
 R   1 G   5     55      45.61      3.755
 R   1 G   6     55      45.99      3.656
 R   1 G   7     58      46.29      4.347
 R   1 G   8     57      46.75      3.844
 R   1 G   9     55      46.87      3.754
 R   1 G  10     54      46.44      3.639
 R   1 G  11     55      46.51      3.689
 R   1 G  12     57      47.03      4.029
 R   1 G  13     57      47.01       3.87
 R   1 G  14     56      46.86      3.582
 R   1 G  15     58      46.95      3.888
 R   1 G  16     56      47.28      3.643
 R   1 G  17     56      48.18      4.034
 R   1 G  18     55      47.73      4.378
 R   1 G  19     56       48.3      4.655
1      7        010        001        010        011        101        011        101        011        110        101        100        010        100        011        011        101        010        100        110        011        011        111        101        101        101        010        011        011        100        011        100        101        010        100        110   RawFitness
                  2          1          2          3          5          3          5          3          6          5          4          2          4          3          3          5          2          4          6          3          3          7          5          5          5          2          3          3          4          3          4          5          2          4          6           58

 R   2 G   0     54      44.79      4.393
 R   2 G   1     54      45.58      4.297
 R   2 G   2     55      45.59      4.568
 R   2 G   3     57      45.55      5.304
 R   2 G   4     60      46.21      4.781
 R   2 G   5     58      45.93      4.772
 R   2 G   6     55       46.5      4.389
 R   2 G   7     57      46.72      4.571
 R   2 G   8     59      47.76      4.314
 R   2 G   9     60      47.78      4.516
 R   2 G  10     59      48.95       4.31
 R   2 G  11     60      49.64        4.7
 R   2 G  12     60       49.8      4.733
 R   2 G  13     61      50.13      4.385
 R   2 G  14     60      50.41      4.461
 R   2 G  15     59      50.73      3.954
 R   2 G  16     59       50.9      4.031
 R   2 G  17     59      51.02      3.856
 R   2 G  18     58      51.16      3.466
 R   2 G  19     58      50.91      3.095
2     13        111        010        001        110        101        110        000        011        110        011        100        011        101        110        100        011        110        101        011        101        101        101        110        100        011        010        010        011        011        101        011        110        010        110        011   RawFitness
                  7          2          1          6          5          6          0          3          6          3          4          3          5          6          4          3          6          5          3          5          5          5          6          4          3          2          2          3          3          5          3          6          2          6          3           61

 R   3 G   0     53      44.33      3.814
 R   3 G   1     52      44.05      4.083
 R   3 G   2     54      44.19      4.285
 R   3 G   3     55      44.37      4.672
 R   3 G   4     55       44.7       4.64
 R   3 G   5     58      44.64      4.679
 R   3 G   6     53      44.47      3.917
 R   3 G   7     53      44.65      4.128
 R   3 G   8     55      44.75      4.331
 R   3 G   9     54      45.16      4.294
 R   3 G  10     54      46.11      4.144
 R   3 G  11     56      46.42       3.52
 R   3 G  12     58      46.73      3.806
 R   3 G  13     60      46.96      4.754
 R   3 G  14     59      47.22      4.471
 R   3 G  15     60      47.31      3.818
 R   3 G  16     61      48.01      4.785
 R   3 G  17     61      48.65      5.016
 R   3 G  18     60      49.26      4.792
 R   3 G  19     59       49.5      4.505
3     16        001        011        100        110        001        011        101        011        110        110        110        101        011        101        101        010        101        110        101        110        001        101        110        101        101        010        111        010        101        001        100        101        110        010        110   RawFitness
                  1          3          4          6          1          3          5          3          6          6          6          5          3          5          5          2          5          6          5          6          1          5          6          5          5          2          7          2          5          1          4          5          6          2          6           61

 R   4 G   0     53      45.37      3.953
 R   4 G   1     53      46.12      3.602
 R   4 G   2     54      46.45      3.328
 R   4 G   3     56      46.19      4.121
 R   4 G   4     55       46.7      4.253
 R   4 G   5     55      48.01      4.232
 R   4 G   6     58      48.22      3.884
 R   4 G   7     56      48.62      3.449
 R   4 G   8     56      48.65      3.594
 R   4 G   9     58      48.85      3.865
 R   4 G  10     59      49.01      3.886
 R   4 G  11     58       49.2      4.122
 R   4 G  12     59      49.68      4.109
 R   4 G  13     62      50.12       4.26
 R   4 G  14     62      50.43      4.021
 R   4 G  15     59      51.19      3.695
 R   4 G  16     59       51.7      3.436
 R   4 G  17     61      52.54      3.515
 R   4 G  18     60      53.25      3.532
 R   4 G  19     60      53.63       3.08
4     13        011        110        101        011        011        011        011        000        001        101        111        011        010        110        010        110        111        011        001        110        110        101        011        110        100        010        011        011        101        001        011        101        010        101        110   RawFitness
                  3          6          5          3          3          3          3          0          1          5          7          3          2          6          2          6          7          3          1          6          6          5          3          6          4          2          3          3          5          1          3          5          2          5          6           62

 R   5 G   0     54      45.28      4.078
 R   5 G   1     56      44.87      4.559
 R   5 G   2     54      45.31      4.301
 R   5 G   3     55      45.36      4.268
 R   5 G   4     56      45.83      3.835
 R   5 G   5     56      46.05      3.914
 R   5 G   6     55      46.37      3.527
 R   5 G   7     54      46.06      3.665
 R   5 G   8     54      46.47      3.804
 R   5 G   9     55      46.91      3.382
 R   5 G  10     55      47.08      3.246
 R   5 G  11     56      48.01      3.492
 R   5 G  12     59      48.55       3.87
 R   5 G  13     57       49.0      4.038
 R   5 G  14     58      49.14      4.035
 R   5 G  15     58      49.13      3.489
 R   5 G  16     59      49.12      3.666
 R   5 G  17     59      49.92      3.495
 R   5 G  18     58      49.85      3.211
 R   5 G  19     58      50.38        3.1
5     12        100        110        011        011        010        100        100        110        011        101        110        001        011        101        011        010        011        110        001        110        110        001        110        011        101        111        011        110        000        101        001        011        110        011        010   RawFitness
                  4          6          3          3          2          4          4          6          3          5          6          1          3          5          3          2          3          6          1          6          6          1          6          3          5          7          3          6          0          5          1          3          6          3          2           59

B               011        110        101        011        011        011        011        000        001        101        111        011        010        110        010        110        111        011        001        110        110        101        011        110        100        010        011        011        101        001        011        101        010        101        110   RawFitness
                  3          6          5          3          3          3          3          0          1          5          7          3          2          6          2          6          7          3          1          6          6          5          3          6          4          2          3          3          5          1          3          5          2          5          6           62

Gen                 AvgFit              BestFit 
0              44.86               53.4                
1              45.14               54.2                
2              45.39               54.8                
3              45.36               55.4                
4              45.84               56.0                
5              46.05               56.4                
6              46.31               55.2                
7              46.47               55.6                
8              46.88               56.2                
9              47.11               56.4                
10             47.52               56.2                
11             47.96               57.0                
12             48.36               58.6                
13             48.64               59.4                
14             48.81               59.0                
15             49.06               58.8                
16             49.4                58.8                
17             50.06               59.2                
18             50.25               58.2                
19             50.54               58.2                

